50
47 23
1
0
0
0
0
0
0
3
0
0
0
1
0
0
3
2
0
1
2
5
3
0
6
74 12
0
2
1
0
0
1
0
1
1
2
0
0
96 7
3
4
0
0
1
0
0
22 21
0
3
0
0
3
0
0
3
1
3
0
0
0
1
0
0
1
0
0
2
1
99 66
1
0
1
2
0
4
0
0
2
0
1
1
1
0
1
3
0
1
0
0
0
1
0
0
0
0
1
5
1
2
2
0
1
0
0
3
1
0
2
1
2
0
0
1
2
4
1
2
1
2
1
0
2
0
0
2
4
3
2
1
1
1
0
1
2
0
88 3
0
0
0
48 64
0
0
0
0
1
2
0
0
1
0
0
1
1
1
1
0
0
0
1
2
0
0
1
2
2
0
0
0
1
1
0
0
0
4
2
0
0
0
1
2
1
1
1
5
0
3
1
0
0
0
1
0
1
0
0
0
5
1
0
3
0
3
1
1
73 24
1
0
0
0
0
1
0
4
2
0
1
1
2
0
0
0
2
0
0
0
1
0
0
0
54 53
1
0
2
0
2
3
0
4
0
0
0
0
0
0
3
0
1
0
5
1
1
4
1
0
2
2
0
0
1
1
3
2
0
0
3
3
0
0
0
0
0
0
0
0
0
0
1
1
0
1
4
0
2
68 84
1
1
0
1
1
0
2
0
1
0
0
3
2
2
0
5
0
2
0
4
0
1
0
0
0
1
0
0
0
1
1
0
0
0
0
0
1
4
0
1
3
5
0
0
0
4
0
2
7
2
0
0
2
1
0
0
2
0
2
0
0
0
0
0
0
0
0
0
2
0
4
0
0
4
0
2
1
0
0
0
2
0
1
0
2 57
0
1
0
1
2
3
0
0
1
1
1
0
3
1
1
3
0
0
0
0
0
1
3
0
2
0
4
0
1
4
4
0
0
0
4
0
0
0
8
0
0
0
0
0
0
0
1
0
2
0
0
0
0
0
3
0
1
4 64
1
2
0
0
2
0
1
1
1
2
7
3
0
3
0
0
2
2
1
1
0
0
2
0
0
0
0
0
0
0
1
1
0
0
0
2
0
0
0
1
0
4
2
0
4
1
0
2
0
0
0
0
0
0
0
0
1
1
0
2
2
1
1
2
79 100
1
2
0
3
0
0
0
1
2
1
3
1
1
0
0
0
0
0
0
1
1
1
2
0
1
1
1
1
1
1
0
2
2
0
2
0
1
1
2
0
1
0
0
0
2
0
3
0
4
1
5
1
1
1
1
0
6
2
0
2
7
1
0
0
3
1
0
0
0
0
1
0
0
0
0
0
0
1
3
0
0
1
0
0
3
0
7
1
1
0
1
0
0
0
0
4
0
1
0
2
59 43
0
1
0
1
0
0
0
2
2
0
2
1
0
3
4
4
0
2
2
2
0
0
0
1
1
0
1
2
1
0
1
2
0
0
2
4
0
0
0
0
1
0
0
87 56
0
4
0
0
0
1
1
0
2
1
0
0
1
3
1
1
1
0
0
0
2
0
0
0
0
2
0
0
5
1
0
1
0
1
3
0
0
1
0
3
0
1
0
0
5
1
2
0
0
0
0
0
0
3
0
2
17 50
2
1
0
1
0
1
0
0
2
7
1
0
1
4
0
0
0
1
1
2
0
0
0
1
3
0
0
0
0
0
0
2
1
1
0
0
0
0
0
1
1
0
0
0
8
0
1
1
3
0
89 5
2
2
2
0
1
68 41
1
0
0
0
2
0
3
0
0
2
0
1
0
1
3
1
2
0
3
1
0
2
0
7
1
0
1
1
0
4
0
0
0
2
1
0
1
0
0
0
0
25 21
0
0
1
2
0
0
1
7
0
0
1
0
0
0
0
1
1
1
0
0
8
90 81
0
2
0
1
5
0
1
0
1
2
2
0
0
5
0
1
1
4
3
0
3
3
0
0
1
0
1
0
0
1
0
1
1
0
3
1
0
0
0
1
1
0
0
1
0
0
1
1
2
0
1
1
2
2
1
0
1
3
0
0
2
0
3
1
0
0
2
2
0
2
3
0
0
1
2
0
1
1
1
1
0
50 13
2
0
1
1
1
1
1
1
0
0
1
2
0
45 96
1
0
3
0
0
0
0
1
0
0
0
0
2
0
1
2
0
2
3
0
0
2
0
1
0
4
2
0
1
1
5
0
0
1
1
0
0
2
0
2
1
1
0
2
0
3
0
0
1
2
0
0
0
1
5
0
0
0
0
0
2
0
0
0
0
0
0
3
2
0
1
0
0
2
0
1
0
2
0
2
1
0
0
0
2
1
1
0
0
0
1
2
1
0
0
0
44 15
1
0
1
2
0
0
1
0
0
1
0
2
0
0
4
17 97
0
0
0
7
0
0
0
1
0
2
3
1
2
1
0
0
0
2
2
0
1
0
0
1
1
0
2
1
1
1
0
0
0
0
0
0
2
1
0
0
1
0
2
2
2
1
0
0
0
0
3
0
0
1
0
1
3
1
1
3
1
0
4
0
0
1
0
0
0
0
2
1
0
0
2
2
0
0
0
0
0
0
1
0
1
0
0
3
0
0
0
1
3
0
0
1
1
50 52
1
1
1
0
1
0
0
2
2
0
1
0
0
0
1
2
0
0
0
4
1
0
2
0
4
0
0
0
1
0
0
0
1
1
0
0
1
0
1
1
0
1
3
0
3
1
0
0
0
1
0
2
37 26
0
0
0
3
0
1
0
3
0
6
3
1
0
6
2
2
2
3
2
3
3
0
0
0
0
1
85 86
0
2
2
0
0
1
1
0
0
2
0
1
0
0
1
0
0
1
0
1
0
0
2
0
1
0
0
0
1
0
2
0
0
1
1
0
2
5
1
0
1
0
3
0
6
1
1
2
2
2
0
1
1
1
1
0
0
2
0
0
1
1
0
2
0
0
1
4
2
0
4
0
0
1
2
0
0
4
1
3
1
0
0
2
1
0
92 85
1
3
1
2
3
1
0
0
0
0
0
0
1
0
3
0
0
2
2
2
0
2
1
0
3
1
1
1
1
0
0
1
2
0
2
0
0
0
1
0
0
2
4
1
0
1
0
1
2
0
0
0
0
0
1
0
0
1
3
3
0
1
2
1
0
0
0
7
0
0
0
2
1
0
0
1
0
1
0
0
1
0
3
5
2
90 23
11
0
0
0
1
1
0
2
0
4
0
1
0
0
3
0
1
0
0
0
1
0
0
37 95
1
1
1
0
1
0
0
0
2
3
1
3
1
0
1
0
1
1
1
1
0
0
1
0
0
0
5
1
4
0
0
0
0
1
0
0
0
0
1
1
0
1
8
1
0
1
0
0
1
0
0
5
0
0
0
0
1
2
0
0
1
0
0
0
4
1
0
0
2
4
1
4
0
1
1
0
0
0
0
2
1
1
3
0
2
0
0
0
0
1
1
0
1
0
1
87 71
1
0
3
0
0
1
2
0
0
0
0
1
0
1
0
0
0
0
0
1
1
3
3
0
1
2
0
2
1
0
0
1
2
1
1
0
0
0
8
0
0
1
0
5
0
3
0
0
2
4
2
0
0
0
3
1
2
1
0
1
2
1
0
1
1
1
0
0
0
0
6
93 48
0
2
0
0
1
0
0
1
0
2
2
4
1
1
1
0
1
4
0
3
1
0
1
1
0
2
1
0
1
1
0
1
1
1
0
0
0
0
4
2
1
1
1
1
0
2
0
1
1 6
0
3
1
1
0
0
30 61
1
2
1
1
2
0
0
0
0
2
0
0
0
2
0
5
7
1
1
3
2
0
0
0
0
0
0
5
2
0
0
0
1
2
0
0
0
1
0
2
0
1
1
0
2
1
3
0
0
0
5
3
0
1
1
0
1
5
0
0
1
57 62
0
0
1
1
0
2
1
0
1
0
2
2
2
0
1
0
3
0
1
0
1
0
0
3
0
0
2
0
0
2
1
3
0
2
0
2
1
3
0
1
0
2
1
1
0
2
1
0
0
0
1
0
1
0
1
3
1
0
1
0
0
1
20 17
0
1
1
2
1
0
3
4
0
1
1
3
0
0
0
1
2
38 13
1
1
0
0
1
1
0
0
1
0
0
0
0
48 64
0
0
0
0
1
2
0
0
1
0
0
1
1
1
1
0
0
0
1
2
0
0
1
2
2
0
0
0
1
1
0
0
0
4
2
0
0
0
1
2
1
1
1
5
0
3
1
0
0
0
1
0
1
0
0
0
5
1
0
3
0
3
1
1
85 65
0
0
0
3
0
3
0
0
0
5
0
1
4
0
1
1
4
0
0
0
1
0
2
0
1
1
0
2
1
1
0
0
0
1
0
1
0
1
1
0
1
2
0
2
2
0
0
0
2
0
4
0
0
0
0
0
0
1
0
0
2
1
1
1
0
25 40
0
0
2
0
1
2
3
1
3
0
0
0
2
0
2
3
0
0
0
5
0
0
3
2
1
0
0
3
0
1
1
0
2
0
4
0
0
0
0
1
3 23
0
2
0
2
3
0
2
1
0
0
1
0
0
2
0
2
1
0
1
2
1
1
0
97 66
0
0
1
0
0
1
1
4
0
2
1
0
0
1
0
0
1
0
0
1
1
1
0
2
0
0
2
0
1
2
1
0
0
1
2
0
2
2
0
0
1
5
0
2
0
0
0
0
0
0
0
1
0
0
1
0
0
0
0
2
2
1
0
0
1
2
48 12
0
0
1
6
0
0
0
0
0
0
0
0
82 22
4
0
1
0
0
3
0
0
0
0
2
2
1
0
0
0
1
1
3
0
1
4
19 50
1
0
0
0
0
0
2
0
3
1
0
0
1
0
0
1
0
4
2
2
1
0
1
0
2
0
4
0
0
2
3
4
1
0
0
2
1
1
0
2
0
4
0
2
0
1
1
0
3
0
75 20
0
3
0
1
5
0
0
0
5
3
0
0
0
0
0
0
0
0
0
1
72 51
1
3
1
2
3
0
0
2
1
1
0
4
1
1
6
2
0
0
3
0
0
0
2
1
0
0
0
0
3
3
0
2
1
2
1
1
3
0
4
0
0
0
1
0
0
0
3
1
0
5
3
81 44
0
0
0
1
0
1
5
0
1
0
1
0
0
1
1
2
0
0
0
3
1
4
1
0
0
1
1
1
0
0
0
0
0
0
0
0
1
1
1
0
2
0
0
11
85 90
0
0
2
0
0
0
0
2
0
1
0
2
3
1
0
0
1
4
2
2
0
0
1
0
1
0
1
3
0
2
0
2
0
4
1
1
2
0
0
1
0
1
0
0
3
0
0
3
0
1
3
2
1
0
0
4
1
2
2
1
0
2
1
0
1
2
0
0
0
0
1
0
1
0
0
4
0
0
4
1
1
0
0
0
0
0
3
0
1
0
22 25
0
0
0
1
1
1
0
0
1
0
1
1
2
0
1
0
0
0
4
2
1
0
3
1
0
