50
21
25 45 69 50
61 71 2 21
3 53 24 2
98 51 86 38
2 46 8 67
15 82 7 4
56 44 23 27
21 14 37 39
49 7 86 52
49 92 20 45
8 43 65 52
6 96 38 32
71 65 90 52
28 61 72 92
50 11 53 72
85 60 94 88
17 99 17 43
1 84 36 23
54 80 66 27
36 87 60 62
93 14 72 48
20
0 68 51 74
43 0 90 27
8 54 87 76
93 70 76 78
42 0 51 47
72 83 75 67
100 45 21 19
51 43 36 61
64 97 24 8
31 75 81 35
88 74 96 21
34 58 57 63
100 8 81 43
37 85 31 34
9 15 58 83
89 97 60 66
23 65 5 50
73 10 18 89
100 41 57 11
70 2 58 7
3
67 48 38 95
16 58 44 3
66 84 35 84
24
47 71 72 27
66 74 65 31
64 95 8 94
44 15 99 54
56 64 73 75
56 87 27 84
68 40 90 40
91 35 32 45
98 22 95 98
14 49 27 24
19 42 94 34
52 72 75 75
76 85 3 98
83 58 28 82
56 76 3 87
100 67 59 81
78 86 65 45
63 71 23 65
35 52 65 40
36 10 9 54
5 26 87 30
34 47 96 64
77 94 2 59
49 32 8 31
18
95 65 47 84
11 38 67 67
4 99 64 95
97 85 23 57
45 5 74 27
9 77 31 75
19 4 75 55
91 73 43 43
58 15 57 92
15 14 5 53
21 74 29 85
86 1 82 68
24 88 32 67
82 7 21 41
39 77 11 23
65 36 44 84
19 90 59 25
61 17 66 53
8
14 12 63 11
25 46 58 9
34 46 6 80
17 21 43 45
81 10 18 74
52 51 85 34
86 67 38 92
56 62 38 10
10
64 2 56 16
93 27 97 16
3 40 59 52
56 61 89 36
8 75 31 11
88 92 99 81
41 56 61 39
56 99 27 50
94 18 95 37
23 27 11 15
10
76 87 81 85
90 68 97 99
44 93 58 69
86 66 35 92
42 98 22 5
63 10 91 8
33 52 99 58
97 56 6 94
63 71 25 8
33 18 56 65
21
37 62 59 2
19 41 84 70
73 12 85 88
85 41 57 98
48 7 95 8
90 92 41 38
0 50 12 92
70 84 74 50
40 80 61 11
22 20 55 18
35 91 73 86
29 37 20 4
13 53 95 76
26 10 26 98
49 37 92 16
14 38 76 63
18 46 16 49
47 87 13 34
69 94 54 27
52 70 94 43
84 35 62 38
13
67 54 25 54
46 30 98 78
89 48 4 80
83 79 62 95
92 5 10 86
53 82 74 57
2 16 78 74
29 60 51 36
30 94 85 16
3 32 4 83
12 73 88 84
69 61 20 53
80 30 20 35
21
16 6 80 55
77 95 61 33
6 4 89 27
33 71 95 20
13 35 51 87
68 3 14 58
61 73 70 85
99 38 70 90
76 79 38 78
65 64 3 2
33 84 52 77
67 35 65 93
31 67 45 36
76 85 79 50
24 60 60 95
2 64 94 53
37 88 17 71
91 56 41 95
27 73 8 68
37 97 34 97
86 55 16 68
8
89 83 55 14
72 45 18 26
82 50 84 80
28 29 47 28
64 94 72 8
68 14 74 57
27 16 87 75
100 64 84 7
23
32 37 27 16
37 78 33 33
15 69 77 61
56 90 15 89
49 57 100 35
77 45 86 56
5 79 41 78
41 13 62 97
8 50 68 99
13 7 8 8
36 69 64 21
43 30 36 24
18 47 74 15
34 0 87 45
76 26 94 21
28 21 99 50
45 51 29 64
58 95 24 38
25 49 69 6
35 41 38 21
82 77 71 13
67 12 22 22
62 5 73 88
25
31 31 36 2
30 83 9 96
0 9 9 68
99 15 54 62
83 0 59 37
22 82 60 37
39 26 93 49
16 78 52 8
29 88 31 25
27 59 51 63
13 76 54 88
56 44 77 46
50 60 57 99
92 19 97 9
78 78 40 49
80 12 12 48
57 80 2 96
27 26 81 78
19 97 16 4
75 5 20 32
84 19 47 2
42 73 76 29
60 9 55 82
46 22 74 14
54 43 27 84
2
66 76 79 49
26 47 36 84
23
28 45 58 95
93 51 22 53
95 13 68 11
42 67 37 74
85 34 14 11
77 8 97 60
60 75 24 16
27 1 2 74
79 7 6 96
94 69 97 99
63 25 41 46
34 78 66 68
3 16 13 9
42 69 18 69
17 31 75 12
38 45 37 55
93 3 72 4
19 35 55 23
2 80 34 9
29 26 60 5
36 65 32 96
46 81 49 91
30 13 87 43
25
78 32 83 5
63 92 41 76
86 66 21 20
85 25 14 57
48 94 82 16
83 71 7 45
60 60 67 59
96 64 79 48
63 7 21 20
46 5 17 45
26 28 63 15
2 8 27 74
76 43 16 66
46 79 19 84
54 73 42 60
90 87 31 24
72 11 94 80
95 58 47 51
32 37 79 32
26 78 72 37
64 2 96 62
42 55 17 41
99 66 14 34
82 24 65 40
85 31 53 14
12
65 51 84 60
62 87 85 64
38 38 64 64
39 13 4 99
75 52 9 63
51 73 41 85
98 41 98 1
21 74 1 30
6 2 8 5
33 99 92 72
16 98 89 77
47 59 85 65
16
18 53 44 25
32 2 68 48
13 84 44 90
83 61 50 35
22 61 72 67
49 91 49 82
56 46 87 31
79 49 23 54
69 97 27 30
76 62 74 50
67 97 25 55
38 14 83 87
49 95 73 71
23 49 55 79
31 88 11 46
63 30 66 47
21
81 49 65 41
97 34 50 37
58 39 40 6
4 88 19 54
63 0 59 8
7 47 11 7
37 81 70 49
7 31 23 96
90 47 5 32
29 65 5 25
38 75 84 94
84 26 22 12
43 18 70 42
8 39 18 19
19 3 78 94
84 3 82 72
12 95 25 22
13 87 99 86
16 66 7 71
85 45 62 54
33 21 93 88
18
3 72 51 8
22 9 75 2
16 90 81 17
62 60 85 99
59 43 89 19
62 7 28 12
59 27 34 87
67 3 2 100
50 44 9 38
27 77 57 67
19 16 25 11
25 10 99 34
33 98 58 64
53 6 10 35
90 52 69 82
24 60 60 53
62 27 70 98
54 53 14 91
18
52 2 97 30
41 62 62 26
14 97 93 38
16 64 92 73
77 75 78 47
64 46 53 91
30 11 13 20
16 14 78 52
81 38 54 63
54 84 78 77
34 79 35 22
2 21 23 72
55 85 70 21
23 1 66 97
71 76 35 30
5 71 89 15
33 35 29 69
25 3 70 35
14
3 84 16 32
35 62 8 81
64 39 70 99
82 59 13 47
82 37 77 12
97 89 16 2
37 88 45 83
14 21 64 83
64 27 39 65
97 36 5 71
66 24 75 56
80 14 20 86
42 49 82 98
5 63 72 87
13
40 17 40 97
70 89 34 40
10 93 41 87
51 33 84 10
96 39 71 64
41 9 97 95
90 95 21 64
91 90 37 10
95 23 37 54
92 3 46 25
100 87 42 73
22 69 62 62
88 14 98 33
24
18 21 88 73
30 5 60 56
80 92 9 64
44 10 99 89
97 18 22 38
87 62 98 51
25 70 50 12
56 38 87 61
72 23 21 99
93 0 96 71
46 92 42 34
42 92 63 74
86 18 74 68
56 88 82 9
90 17 5 12
80 1 55 9
13 29 19 57
47 13 86 92
40 46 26 61
20 0 19 6
76 40 26 55
47 27 70 49
53 95 31 37
100 11 63 30
7
2 53 72 84
41 4 34 5
18 14 84 81
30 90 74 63
3 61 44 9
37 100 88 23
14 6 4 38
16
72 36 81 5
25 9 99 84
19 68 80 5
63 76 78 42
44 49 64 86
19 2 84 63
58 32 36 47
6 37 98 32
17 64 97 24
35 22 81 36
89 100 11 12
11 29 30 67
77 78 10 48
67 37 72 60
70 5 46 25
65 88 34 81
18
47 48 5 54
79 79 35 84
47 18 41 16
36 53 89 49
10 5 49 53
30 36 91 87
4 1 100 17
69 21 4 95
96 17 80 48
45 50 13 34
19 97 12 80
42 23 76 85
1 69 54 79
81 73 58 58
6 97 93 73
81 73 57 34
35 50 51 40
30 96 6 97
10
86 49 28 12
81 33 75 94
66 42 97 21
39 83 5 40
52 62 78 6
47 35 94 14
19 50 19 14
12 49 2 22
33 26 52 47
13 62 72 14
5
45 54 16 24
8 44 68 15
67 22 36 99
24 36 18 28
86 67 17 64
1
94 9 75 21
3
47 75 50 62
3 79 47 3
21 51 5 39
8
29 28 99 61
14 9 18 29
42 47 77 46
59 80 71 92
74 37 86 33
36 39 46 15
17 51 12 92
33 26 59 88
17
57 30 56 83
44 13 84 19
92 17 52 70
92 84 83 96
73 55 57 49
45 86 11 22
59 18 57 64
67 99 92 92
32 85 41 25
48 53 11 91
55 92 90 43
30 0 21 60
66 89 91 5
95 39 72 9
1 95 83 12
7 63 40 32
31 65 35 88
20
44 58 38 16
22 65 34 37
95 30 48 42
25 54 86 25
19 60 76 79
26 41 30 5
58 96 54 38
45 59 81 36
44 31 94 83
31 9 63 58
52 93 86 9
53 58 7 90
24 93 23 18
79 56 55 24
15 61 34 68
84 59 76 79
83 24 54 97
31 3 30 98
50 72 57 39
48 73 20 76
12
96 94 100 28
91 32 74 92
26 34 26 91
21 77 59 44
80 75 65 55
85 5 9 34
34 65 95 28
4 55 100 85
52 98 21 35
15 92 38 65
16 53 73 48
20 67 34 26
11
79 39 59 89
93 68 59 95
41 9 44 75
47 0 22 32
94 46 26 29
50 67 99 24
98 93 35 62
2 49 85 25
22 47 94 5
33 26 96 37
49 5 63 71
7
68 1 75 69
74 28 29 71
78 29 93 85
14 3 69 56
89 52 24 53
3 58 66 6
97 72 51 90
11
15 12 59 95
9 54 97 40
24 28 33 53
87 80 10 72
38 63 35 48
78 77 4 98
86 44 65 22
11 87 2 98
34 65 16 34
45 79 87 14
17 30 31 84
13
35 21 95 97
89 19 89 47
93 65 79 18
20 41 39 16
40 56 10 20
71 77 68 18
58 4 74 72
90 26 66 92
57 99 37 38
83 8 8 48
27 51 59 73
27 63 58 34
45 74 53 34
13
5 59 95 78
1 92 73 33
30 51 54 8
21 80 50 51
41 5 25 33
39 0 50 51
9 36 97 87
89 27 96 48
59 24 98 84
47 66 82 56
29 31 37 8
7 30 55 34
30 73 96 54
3
67 48 38 95
16 58 44 3
66 84 35 84
24
40 54 1 60
54 68 33 100
18 38 74 10
70 84 32 46
80 72 34 12
87 91 75 77
41 9 12 91
20 39 42 24
90 88 31 41
41 33 84 43
91 10 33 9
40 20 81 45
74 51 32 23
58 62 28 70
81 68 20 32
63 4 47 15
41 95 97 90
55 23 12 5
73 82 81 84
9 98 62 94
24 12 47 33
40 67 61 7
19 48 64 27
56 59 40 70
8
87 59 88 45
5 32 95 88
95 89 77 16
7 63 95 41
26 32 97 4
12 57 56 31
40 92 85 54
39 90 61 13
17
88 36 94 55
62 67 13 55
45 84 79 3
9 62 89 53
47 17 25 95
62 15 61 89
44 58 72 91
77 10 29 2
11 20 11 32
96 10 32 57
56 95 72 20
90 51 48 63
54 23 77 34
32 50 53 29
45 7 91 73
88 8 4 39
19 79 9 1
6
78 13 79 56
15 11 94 82
8 55 43 40
17 5 4 98
15 74 49 21
2 7 15 81
23
65 93 15 59
27 90 15 91
81 94 31 29
64 72 80 67
47 64 64 4
50 36 89 24
1 9 4 98
30 96 89 70
91 45 78 18
72 38 10 31
30 58 22 7
24 6 39 17
39 64 44 3
79 2 8 31
36 16 41 67
40 22 19 75
92 98 9 4
33 5 51 58
13 30 18 50
41 68 29 38
81 7 62 87
31 89 18 6
89 26 65 13
23
40 97 32 96
70 21 94 52
18 95 82 34
47 84 28 28
83 60 90 15
17 84 5 69
73 26 39 75
87 80 94 48
94 86 80 70
65 44 67 26
70 90 44 58
76 5 87 60
59 17 97 89
79 16 63 75
66 23 23 37
73 11 32 12
34 70 36 44
69 38 35 50
72 47 89 45
12 33 80 1
36 96 44 74
6 48 49 19
34 60 9 37
25
18 49 91 37
100 94 39 76
45 93 83 93
71 18 68 28
93 32 28 96
90 55 71 98
57 23 91 5
3 27 48 94
96 14 84 96
23 37 100 44
0 84 39 76
47 47 61 88
96 75 79 97
68 2 35 66
30 21 72 91
91 35 100 8
24 10 94 80
9 82 23 43
85 68 67 80
61 92 52 36
23 18 18 3
4 99 48 78
77 59 90 28
74 59 41 19
15 70 29 93
10
92 15 2 52
52 48 15 90
88 29 58 61
76 80 64 23
47 73 36 86
85 15 37 29
79 48 52 44
92 11 30 40
7 18 87 13
77 99 41 74
